%YAML:1.0

verbosity: "DEBUG"

#common parameters
imu_topic: "/imu/data_raw"
image_topic: "/stereo/left/image_raw"
output_path: "/home/haiboyunus/tmp/vins_mono_log"

#camera calibration
model_type: PINHOLE
camera_name: camera
image_width: 1280
image_height: 560
distortion_parameters:
   k1: -5.6143027800000002e-02
   k2: 1.3952563200000001e-01
   p1: -1.2155906999999999e-03
   p2: -9.7281389999999998e-04
projection_parameters:
   fx: 8.1690378992770002e+02
   fy: 8.1156803828490001e+02
   cx: 6.0850726281690004e+02
   cy: 2.6347599764440002e+02

# Extrinsic parameter between IMU and Camera.
estimate_extrinsic: 1   # 0  Have an accurate extrinsic parameters. We will trust the following imu^R_cam, imu^T_cam, don't change it.
                        # 1  Have an initial guess about extrinsic parameters. We will optimize around your initial guess.
                        # 2  Don't know anything about extrinsic parameters. You don't need to give R,T. We will try to calibrate it. Do some rotation movement at beginning.
#If you choose 0 or 1, you should write down the following matrix.
extrinsicRotation: !!opencv-matrix
   rows: 3
   cols: 3
   dt: d
   # data: [-0.00413, -0.01966, 0.99980,
   #        -0.99993, -0.01095, -0.00435,
   #        0.01103, -0.99975, -0.01962]
   #[ x: -91.1241401, y: -0.6323559, z: -90.2364259 ]
   data: [-0.00680499, -0.0153215, 0.99985,
           -0.999977, 0.000334627, -0.00680066,
           -0.000230383, -0.999883, -0.0153234]
   #[ x: -90.8782636, y: 0.0129105, z: -90.3901744 ]
   # data: [ -0.0034679,  0.0125410,  0.9999154,
   #       -0.9999844,  0.0043208, -0.0035224,
   #       -0.0043646, -0.9999120,  0.0125258 ]
#Translation from camera frame to imu frame, imu^T_cam
extrinsicTranslation: !!opencv-matrix
   rows: 3
   cols: 1
   dt: d
   # data: [1.73944, 0.27803, -0.08785]
   data: [1.71239, 0.247401, -0.11589]
   # data: [1.63906,  0.145777, -0.249698]

#feature traker paprameters
max_cnt: 300            #150 # max feature number in feature tracking
min_dist: 20            # min distance between two features 30
freq: 0                # frequence (Hz) of publish tracking result. At least 10Hz for good estimation. If set 0, the frequence will be same as raw image
F_threshold: 0.2 #0.2        # ransac threshold (pixel). This is a critical parameter!!! The smaller the better performance but less robust.
show_track: 1           # publish tracking image as topic
equalize: 1             # if image is too dark or light, trun on equalize to find enough features
fisheye: 0              # if using fisheye, trun on it. A circle mask will be loaded to remove edge noisy points

#optimization parameters
max_solver_time: 0.2   #0.04 # max solver itration time (ms), to guarantee real time
max_num_iterations: 100  # max solver itrations, to guarantee real time
keyframe_parallax: 10 # keyframe selection threshold (pixel) 10

#imu parameters       The more accurate parameters you provide, the better performance
acc_n: 1e-1          # accelerometer measurement noise standard deviation. #0.2
gyr_n: 1e-3         # gyroscope measurement noise standard deviation.     #0.05
acc_w: 1e-2         # accelerometer bias random work noise standard deviation.  #0.02
gyr_w: 1e-4       # gyroscope bias random work noise standard deviation.     #4.0e-5
g_norm: 9.8065     # gravity magnitude

#loop closure parameters
loop_closure: 0                 # start loop closure
load_previous_pose_graph: 0     # load and reuse previous pose graph; load from 'pose_graph_save_path'
fast_relocalization: 0          # useful in real-time and large project
pose_graph_save_path: "/home/haiboyunus/tmp/vins_mono_log/" # save and load path

#unsynchronization parameters
estimate_td: 0                      # online estimate time offset between camera and imu
td: 0.0                             # initial value of time offset. unit: s. readed image clock + td = real image clock (IMU clock)

#rolling shutter parameters
rolling_shutter: 0                  # 0: global shutter camera, 1: rolling shutter camera
rolling_shutter_tr: 0               # unit: s. rolling shutter read out time per frame (from data sheet).

#visualization parameters
save_image: 0                   # save image in pose graph for visualization prupose; you can close this function by setting 0
visualize_imu_forward: 1        # output imu forward propogation to achieve low latency and high frequence results
visualize_camera_size: 0.4      # size of camera marker in RVIZ
